q1FFlex=[74.81347707
74.76235286
74.71141112
74.66049555
74.60960603
74.55874243
74.50790465
74.45709256
74.40630605
74.355545
74.3048093
74.25409884
74.2034135
74.15275316
74.10211771
74.05150704
74.00092104
73.95035958
73.89982256
73.84930986
73.79882137
73.74835697
73.69791656
73.64750002
73.59710724
73.54673811
73.49639251
73.44607033
73.39577146
73.34549579
73.29524321
73.2450136
73.19480686
73.14462287
73.09446153
73.04432272
72.99420633
72.94411225
72.89404037
72.84399059
72.79396279
72.74395686
72.69397269
72.64401018
72.59406921
72.54414967
72.49425147
72.44437448
72.39451859
72.34468371
72.29486973
72.24507652
72.19530399
72.14555203
72.09582053
72.04610938
71.99641848
71.94674772
71.89709698
71.84746617
71.79785518
71.7482639
71.69869221
71.64914003
71.59960724
71.55009372
71.50059939
71.45112413
71.40166783
71.3522304
71.30281171
71.25341168
71.20403019
71.15466713
71.10532241
71.05599592
71.00668754
70.95739719
70.90812475
70.85887011
70.80963318
70.76041385
70.71121201
70.66202756
70.61286039
70.56371041
70.51457751
70.46546158
70.41636252
70.36728023
70.3182146
70.26916553
70.22013291
70.17111665
70.12211664
70.07313277
70.02416495
69.97521307
69.92627703
69.87735672
69.82845204
69.7795629
69.73068918
69.68183078
69.63298761
69.58415956
69.53534652
69.4865484
69.4377651
69.38899651
69.34024252
69.29150305
69.24277798
69.19406722
69.14537066
69.0966882
69.04801974
68.99936518
68.95072442
68.90209735
68.85348388
68.8048839
68.75629732
68.70772402
68.65916392
68.61061691
68.56208288
68.51356175
68.4650534
68.41655773
68.36807466
68.31960407
68.27114586
68.22269994
68.1742662
68.12584455
68.07743488
68.02903709
67.98065108
67.93227676
67.88391402
67.83556276
67.78722288
67.73889428
67.69057687
67.64227053
67.59397518
67.54569071
67.49741703
67.44915402
67.4009016
67.35265966
67.3044281
67.25620682
67.20799573
67.15979472
67.1116037
67.06342255
67.0152512
66.96708952
66.91893744
66.87079483
66.82266162
66.77453769
66.72642295
66.67831729
66.63022062
66.58213284
66.53405385
66.48598355
66.43792184
66.38986862
66.34182378
66.29378724
66.2457589
66.19773864
66.14972638
66.10172201
66.05372544
66.00573655
65.95775527
65.90978148
65.86181509
65.81385599
65.76590409
65.71795929
65.67002148
65.62209058
65.57416647
65.52624906
65.47833826
65.43043395
65.38253605
65.33464444
65.28675904
65.23887974
65.19100644
65.14313904
65.09527745
65.04742156
64.99957127
64.95172649
64.90388711
64.85605303
64.80822416
64.76040039
64.71258162
64.66476776
64.61695871
64.56915435
64.52135461
64.47355936
64.42576852
64.37798198
64.33019965
64.28242141
64.23464718
64.18687686
64.13911033
64.0913475
64.04358828
63.99583255
63.94808023
63.9003312
63.85258537
63.80484264
63.75710291
63.70936607
63.66163202
63.61390067
63.56617191
63.51844564
63.47072176
63.42300017
63.37528076
63.32756344
63.27984811
63.23213466
63.18442299
63.136713
63.08900459
63.04129765
62.99359209
62.94588779
62.89818467
62.85048262
62.80278153
62.7550813
62.70738184
62.65968303
62.61198478
62.56428698
62.51658953
62.46889233
62.42119527
62.37349826
62.32580118
62.27810394
62.23040643
62.18270854
62.13501018
62.08731125
62.03961163
61.99191122
61.94420992
61.89650763
61.84880424
61.80109965
61.75339375
61.70568643
61.65797761
61.61026716
61.56255498
61.51484097
61.46712503
61.41940705
61.37168692
61.32396454
61.2762398
61.2285126
61.18078283
61.13305039
61.08531516
61.03757705
60.98983595
60.94209174
60.89434433
60.84659361
60.79883946
60.75108179
60.70332049
60.65555544
60.60778655
60.5600137
60.51223679
60.4644557
60.41667034
60.36888058
60.32108633
60.27328748
60.22548391
60.17767552
60.1298622
60.08204383
60.03422032
59.98639155
59.93855741
59.8907178
59.84287259
59.79502168
59.74716497
59.69930234
59.65143368
59.60355887
59.55567782
59.5077904
59.45989651
59.41199603
59.36408885
59.31617487
59.26825396
59.22032602
59.17239094
59.12444859
59.07649887
59.02854167
58.98057687
58.93260436
58.88462402
58.83663574
58.78863941
58.74063491
58.69262213
58.64460095
58.59657127
58.54853295
58.50048589
58.45242997
58.40436508
58.3562911
58.30820792
58.26011541
58.21201346
58.16390195
58.11578078
58.06764981
58.01950893
57.97135803
57.92319698
57.87502567
57.82684398
57.77865179
57.73044898
57.68223543
57.63401102
57.58577563
57.53752915
57.48927145
57.4410024
57.3927219
57.34442982
57.29612603
57.24781042
57.19948286
57.15114324
57.10279142
57.05442729
57.00605073
56.9576616
56.90925979
56.86084517
56.81241762
56.76397701
56.71552322
56.66705613
56.6185756
56.57008151
56.52157375
56.47305217
56.42451666
56.37596708
56.32740331
56.27882523
56.2302327
56.1816256
56.13300379
56.08436715
56.03571555
55.98704887
55.93836696
55.8896697
55.84095697
55.79222862
55.74348453
55.69472457
55.64594861
55.5971565
55.54834813
55.49952335
55.45068204
55.40182406
55.35294927
55.30405755
55.25514875
55.20622275
55.15727941
55.10831858
55.05934014
55.01034396
54.96132988
54.91229777
54.86324751
54.81417894
54.76509193
54.71598635
54.66686204
54.61771888
54.56855672
54.51937543
54.47017485
54.42095485
54.3717153
54.32245603
54.27317692
54.22387782
54.17455859
54.12521908
54.07585915
54.02647865
53.97707744
53.92765537
53.8782123
53.82874808
53.77926257
53.72975561
53.68022705
53.63067676
53.58110458
53.53151036
53.48189394
53.43225519
53.38259396
53.33291008
53.2832034
53.23347378
53.18372107
53.1339451
53.08414573
53.0343228
52.98447615
52.93460564
52.8847111
52.83479238
52.78484932
52.73488177
52.68488956
52.63487254
52.58483055
52.53476343
52.48467102
52.43455315
52.38440968
52.33424043
52.28404524
52.23382395
52.1835764
52.13330242
52.08300185
52.03267452
51.98232027
51.93193893
51.88153033
51.83109431
51.78063069
51.73013931
51.67962
51.62907259
51.57849691
51.52789278
51.47726004
51.42659851
51.37590801
51.32518838
51.27443944
51.22366102
51.17285293
51.12201501
51.07114706
51.02024893
50.96932042
50.91836136
50.86737156
50.81635086
50.76529906
50.71421598
50.66310144
50.61195526
50.56077725
50.50956723
50.45832501
50.4070504
50.35574322
50.30440328
50.25303039
50.20162436
50.150185
50.09871211
50.04720552
49.99566501
49.94409041
49.89248151
49.84083813
49.78916005
49.7374471
49.68569906
49.63391574
49.58209695
49.53024247
49.47835212
49.42642569
49.37446297
49.32246376
49.27042786
49.21835506
49.16624515
49.11409793
49.0619132
49.00969073
48.95743032
48.90513176
48.85279484
48.80041935
48.74800506
48.69555177
48.64305926
48.59052732
48.53795572
48.48534424
48.43269268
48.3800008
48.32726838
48.27449521
48.22168105
48.16882569
48.11592889
48.06299044
48.01001009
47.95698764
47.90392283
47.85081544
47.79766525
47.74447201
47.69123549
47.63795546
47.58463167
47.5312639
47.4778519
47.42439543
47.37089425
47.31734811
47.26375678
47.21012001
47.15643755
47.10270915
47.04893457
46.99511356
46.94124585
46.88733121
46.83336938
46.7793601
46.72530312
46.67119818
46.61704501
46.56284337
46.50859298
46.45429359
46.39994493
46.34554673
46.29109873
46.23660066
46.18205225
46.12745322
46.07280332
46.01810225
45.96334974
45.90854553
45.85368932
45.79878085
45.74381982
45.68880595
45.63373897
45.57861858
45.52344449
45.46821642
45.41293408
45.35759716
45.30220539
45.24675846
45.19125608
45.13569794
45.08008374
45.02441319
44.96868598
44.9129018
44.85706035
44.80116131
44.74520438
44.68918924
44.63311557
44.57698307
44.52079141
44.46454027
44.40822933
44.35185827
44.29542676
44.23893447
44.18238108
44.12576624
44.06908964
44.01235092
43.95554976
43.89868582
43.84175875
43.78476821
43.72771385
43.67059533
43.6134123
43.5561644
43.49885128
43.44147258
43.38402795
43.32651702
43.26893944
43.21129483
43.15358283
43.09580307
43.03795517
42.98003876
42.92205347
42.86399892
42.80587472
42.74768049
42.68941584
42.63108038
42.57267373
42.51419548
42.45564524
42.39702262
42.33832721
42.2795586
42.22071639
42.16180017
42.10280952
42.04374403
41.98460329
41.92538687
41.86609434
41.80672529
41.74727927
41.68775587
41.62815464
41.56847514
41.50871694
41.44887959
41.38896264
41.32896564
41.26888814
41.20872968
41.1484898
41.08816804
41.02776393
