q1LFlex=[94.92082146
94.52085977
94.0920019
93.64402215
93.17698524
92.69096874
92.18605322
91.66232297
91.11986719
90.55878115
89.97916729
89.38113636
88.76480844
88.13031397
87.47779472
86.80740471
86.11931108
85.41369486
84.69075176
83.95069277
83.19374477
82.42015099
81.63017143
80.82408312
80.00218033
79.16477462
78.31219482
77.44478684
76.5629134
75.6669536
74.75730241
73.83437001
72.89858096
71.95037337
70.99019783
70.01851633
69.035801
68.04253281
67.03920016
66.02629746
65.00432351
63.97378
62.93516984
61.88899556
60.83575763
59.77595283
58.71007261
57.63860151
56.56201557
55.48078085
54.39535196
53.30617069
52.21366474
51.11824646
50.02031177
48.9202391
47.81838851
46.71510082
45.61069687
44.50547696
43.39972025
42.29368433
41.18760491
40.0816955
38.97614729
37.87112897
36.76678672
35.66324423
34.56060275
33.45894121
32.35831634
31.25876291
30.16029383
29.06290047
27.96655278
26.87119956
25.77676863
24.68316707
23.5902813
22.49797726
21.40610051];

q2LFlex=[-116.3271265
-117.0189735
-117.6824356
-118.3273353
-118.9538933
-119.5623011
-120.1527322
-120.725343
-121.2802738
-121.8176501
-122.3375828
-122.8401698
-123.3254964
-123.7936363
-124.2446524
-124.6785974
-125.0955148
-125.4954394
-125.8783984
-126.2444114
-126.5934919
-126.9256475
-127.2408805
-127.5391888
-127.8205666
-128.0850044
-128.3324903
-128.5630102
-128.7765485
-128.9730883
-129.1526123
-129.315103
-129.4605432
-129.5889164
-129.7002071
-129.7944014
-129.8714868
-129.9314529
-129.9742914
-129.9999961
-130.0085633
-129.9999919
-129.9742829
-129.9314403
-129.87147
-129.7943803
-129.7001818
-129.5888868
-129.4605095
-129.3150651
-129.1525702
-128.973042
-128.776498
-128.5629555
-128.3324313
-128.0849412
-127.8204992
-127.5391172
-127.2408045
-126.9255672
-126.5934073
-126.2443225
-125.878305
-125.4953416
-125.0954124
-124.6784903
-124.2445406
-123.7935197
-123.3253749
-122.8400432
-122.3374511
-121.817513
-121.2801312
-120.7251947
-120.152578
-119.5621407
-118.9537264
-118.3271616
-117.6822546
-117.0187946
-116.3365503];

q3LFlex=[-21.40630803
-22.49811661
-23.5904365
-24.68331587
-25.77691077
-26.871335
-27.96668152
-29.06302245
-30.16040901
-31.25887121
-32.35841771
-33.45903556
-34.56069001
-35.66332432
-36.76685957
-37.87119451
-38.97620547
-40.08174627
-41.18764822
-42.29372017
-43.39974862
-44.50549788
-45.61071037
-46.71510696
-47.81838739
-48.92023083
-50.02029649
-51.11822434
-52.21363598
-53.30613551
-54.39531062
-55.48073363
-56.56196278
-57.63854349
-58.71000971
-59.77588543
-60.83568612
-61.88892036
-62.93509137
-63.97369868
-65.00423979
-66.02621178
-67.03911296
-68.04244451
-69.03571204
-70.01842713
-70.99010877
-71.95028483
-72.89849331
-73.83428358
-74.75721751
-75.66687051
-76.56283238
-77.44470811
-78.31211857
-79.164701
-80.00210948
-80.82401513
-81.63010637
-82.4200889
-83.19368564
-83.95063659
-84.69069847
-85.41364439
-86.11926332
-86.80735955
-87.47775201
-88.13027354
-88.7647701
-89.38109991
-89.97913251
-90.55874781
-91.11983504
-91.66229175
-92.18602266
-92.69093855
-93.17695513
-93.64399181
-94.09197051
-94.52081444
-94.9304468];

q4LFlex=[-20.00000004
-19.50000004
-19.00000004
-18.50000004
-18.00000004
-17.50000004
-17.00000004
-16.50000004
-16.00000004
-15.50000004
-15.00000004
-14.50000004
-14.00000004
-13.50000004
-13.00000004
-12.50000004
-12.00000004
-11.50000004
-11.00000004
-10.50000004
-10.00000004
-9.50000004
-9.00000004
-8.50000004
-8.00000004
-7.50000004
-7.00000004
-6.50000004
-6.00000004
-5.50000004
-5.00000004
-4.50000004
-4.00000004
-3.50000004
-3.00000004
-2.50000004
-2.00000004
-1.50000004
-1.00000004
-0.50000004
-4.02173E-08
0.49999996
0.99999996
1.49999996
1.99999996
2.49999996
2.99999996
3.49999996
3.99999996
4.49999996
4.99999996
5.49999996
5.99999996
6.49999996
6.99999996
7.49999996
7.99999996
8.49999996
8.99999996
9.49999996
9.99999996
10.49999996
10.99999996
11.49999996
11.99999996
12.49999996
12.99999996
13.49999996
13.99999996
14.49999996
14.99999996
15.49999996
15.99999996
16.49999996
16.99999996
17.49999996
17.99999996
18.49999996
18.99999996
19.49999996
19.99999996];

q5LFlex=q4LFlex.*0;

save q1LFlex q1LFlex;
save q2LFlex q2LFlex;
save q3LFlex q3LFlex;
save q4LFlex q4LFlex;
save q5LFlex q5LFlex;